========================================================================
SHORTS STATISTICS
========================================================================
Videos analyzed:  2,356
Total views:      38,452,807,856
Average duration: 29.7s

TOP HASHTAGS BY TOTAL VIEWS
    #     TOTAL VIEWS             AVG          MEDIAN     N  hashtag
    1   9,267,404,956      15,814,684       5,738,127   586  #shorts
    2   4,502,612,899      16,676,344       6,281,817   270  #funny
    3   3,598,558,800      15,645,907       5,094,272   230  #viral
    4   2,226,585,219      26,826,327      10,434,702    83  #usa
    5   2,209,677,358      13,473,642       4,976,874   164  #trending
    6   2,063,320,034      18,259,469       7,289,993   113  #edit
    7   1,921,971,812      11,864,023       4,554,483   162  #fyp
    8   1,382,295,533      14,398,911       4,338,110    96  #viralshorts
    9   1,328,312,213      13,151,606       6,164,954   101  #youtubeshorts
   10   1,180,034,996      12,421,421       6,151,248    95  #viralvideo
   11   1,179,772,625      12,418,659       6,231,470    95  #memes
   12   1,127,033,009      13,259,211       4,691,436    85  #foryou
   13   1,043,240,630      28,978,906       7,755,100    36  #trollface
   14   1,013,676,340      17,477,178       6,941,618    58  #reels
   15     969,959,102      17,962,205       6,611,828    54  #youtube
   16     967,416,156      18,253,135       9,989,291    53  #meme
   17     957,958,365      36,844,552      12,358,112    26  #australia
   18     947,094,932     315,698,310     105,084,479     3  #recipe
   19     932,611,781      37,304,471      15,484,010    25  #uk
   20     921,020,441      19,596,179       7,660,880    47  #animals
   21     909,930,119      29,352,584      10,842,818    31  #ranking
   22     898,566,231      15,492,521       6,935,104    58  #love
   23     898,440,863      20,419,110       7,522,568    44  #edits
   24     826,654,709      15,030,085       6,240,340    55  #shortsfeed
   25     825,834,538      21,175,244       7,660,880    39  #shortsvideo

TOP HASHTAGS BY AVG VIEWS (min 3 videos)
    #     TOTAL VIEWS             AVG          MEDIAN     N  hashtag
    1     947,094,932     315,698,310     105,084,479     3  #recipe
    2     742,256,055     247,418,685      11,447,555     3  #racing
    3     675,805,734     168,951,433      34,193,841     4  #experiment
    4     315,878,516     105,292,838      13,962,007     3  #kids
    5     377,880,589      94,470,147      59,847,867     4  #newyork
    6     637,632,777      91,090,396       9,009,286     7  #funnyanimals
    7     777,011,503      86,334,611       3,678,496     9  #howto
    8     232,800,141      77,600,047       4,441,732     3  #giftideas
    9     314,582,380      62,916,476       1,661,531     5  #best
   10     306,823,782      61,364,756      12,146,881     5  #worldwar2
   11     306,823,782      61,364,756      12,146,881     5  #nazigermany
   12     242,817,233      60,704,308       7,665,857     4  #illusion
   13     349,325,435      58,220,905      14,212,687     6  #shortvideos
   14     216,463,158      54,115,789      24,392,892     4  #gymnast
   15     266,753,700      53,350,740      16,004,887     5  #cosplay
   16     153,862,266      51,287,422      30,599,462     3  #workers
   17     186,659,641      46,664,910      33,675,249     4  #railway
   18     135,040,573      45,013,524      33,540,085     3  #rescue
   19     357,647,683      44,705,960       8,594,672     8  #nowar
   20     222,357,909      44,471,581      19,619,760     5  #woodworking

TOP KEYWORDS (yt-dlp tags) BY TOTAL VIEWS
    #     TOTAL VIEWS             AVG          MEDIAN     N  keyword
    1   2,192,046,519      23,826,592       4,106,024    92  shorts
    2   1,749,657,111     349,931,422      97,244,614     5  asmr
    3   1,739,563,936      91,555,996       8,167,975    19  youtube
    4   1,228,733,162      61,436,658       6,292,278    20  tiktok
    5     891,347,612     148,557,935      11,486,534     6  cooking
    6     879,906,989     175,981,397      12,014,994     5  food
    7     879,722,055     219,930,513      24,607,431     4  chef
    8     867,532,687     289,177,562     128,240,733     3  how to
    9     859,951,095     107,493,886       5,276,009     8  diy
   10     850,685,308      18,493,158       3,286,122    46  viral
   11     840,005,685     420,002,842     420,002,842     2  cute cat
   12     837,157,918     279,052,639      12,360,082     3  cat
   13     836,478,065     418,239,032     418,239,032     2  craft
   14     831,361,614     415,680,807     415,680,807     2  hacks
   15     830,620,210     415,310,105     415,310,105     2  handmade
   16     828,908,718     414,454,359     414,454,359     2  money
   17     823,130,806     823,130,806     823,130,806     1  that little puff
   18     823,130,806     823,130,806     823,130,806     1  pet
   19     823,130,806     823,130,806     823,130,806     1  料理猫
   20     823,130,806     823,130,806     823,130,806     1  泡芙猫
   21     823,130,806     823,130,806     823,130,806     1  meow chef
   22     823,130,806     823,130,806     823,130,806     1  cat game
   23     823,130,806     823,130,806     823,130,806     1  imagination
   24     823,130,806     823,130,806     823,130,806     1  creative drinks
   25     823,130,806     823,130,806     823,130,806     1  animal chef

TOP CHANNELS BY TOTAL VIEWS
    #     TOTAL VIEWS             AVG          MEDIAN     N  channel
    1     823,130,806     823,130,806     823,130,806     1  That Little Puff
    2     731,061,146     731,061,146     731,061,146     1  Time⏳Skills
    3     728,912,416     728,912,416     728,912,416     1  NCR
    4     600,869,833     600,869,833     600,869,833     1  Ramcharan 110
    5     575,594,782     575,594,782     575,594,782     1  Paw Pixel TV
    6     400,068,613     400,068,613     400,068,613     1  Funny Toys
    7     389,702,016     194,851,008     194,851,008     2  MrBeast
    8     354,385,887     354,385,887     354,385,887     1  RankFS
    9     316,441,615     316,441,615     316,441,615     1  Bayashi TV
   10     300,594,377     300,594,377     300,594,377     1  Xeewo
   11     285,667,461     285,667,461     285,667,461     1  Zeekshifty
   12     283,013,811     283,013,811     283,013,811     1  研師Ryota
   13     275,000,339     275,000,339     275,000,339     1  Green Screen Yt
   14     273,573,204     273,573,204     273,573,204     1  Curiosity Gap
   15     265,621,447     265,621,447     265,621,447     1  GNAN EDITZ
   16     254,451,254     254,451,254     254,451,254     1  Troll Loop
   17     226,230,808     226,230,808     226,230,808     1  Illusion LUXKAN
   18     213,480,821     213,480,821     213,480,821     1  Thành ca TV
   19     211,705,986     211,705,986     211,705,986     1  LB
   20     205,548,502     205,548,502     205,548,502     1  MikeMhan

TOP CHANNELS BY AVG VIEWS (min 2 videos)
    #     TOTAL VIEWS             AVG          MEDIAN     N  channel
    1     389,702,016     194,851,008     194,851,008     2  MrBeast
    2     173,634,499      86,817,249      86,817,249     2  Daily crafts
    3     134,465,290      67,232,645      67,232,645     2  Jamshid Jamshid
    4     170,422,089      56,807,363       3,613,139     3  Favorite cimi
    5      99,676,602      49,838,301      49,838,301     2  Bayi tua
    6      81,760,589      40,880,294      40,880,294     2  Nostalgia and Rebirth
    7      81,654,528      40,827,264      40,827,264     2  MiniMoochi
    8      73,735,720      36,867,860      36,867,860     2  Elif tv
    9      70,362,330      35,181,165      35,181,165     2  Dina Kuswanda Official
   10      68,793,600      34,396,800      34,396,800     2  flute arisa
   11      67,350,498      33,675,249      33,675,249     2  Just Rishabh
   12      61,986,128      30,993,064      30,993,064     2  World Media Hero
   13     116,596,153      29,149,038      17,557,287     4  Red Bull
   14      54,859,711      27,429,855      27,429,855     2  QINGYAMM
   15      76,471,395      25,490,465       5,346,996     3  Grin
   16      49,214,862      24,607,431      24,607,431     2  Nick DiGiovanni
   17      44,309,260      22,154,630      22,154,630     2  Football King
   18      43,717,042      21,858,521      21,858,521     2  АРТЕМ ДНЕПРОВСКИЙ
   19      43,563,059      21,781,529      21,781,529     2  Dobrovolskyi Chef
   20      42,937,177      21,468,588      21,468,588     2  Briel Adams-Wheatley

DURATION BUCKETS
    #     TOTAL VIEWS             AVG          MEDIAN     N  bucket
    1  12,220,731,201      18,888,301       5,968,337   647  16-30s
    2   6,138,572,773      18,658,275       6,290,172   329  46-60s
    3   6,674,913,961      17,027,841       6,214,249   392  31-45s
    4  11,357,324,842      13,799,908       5,013,898   823  0-15s
    5   2,061,265,079      12,492,515       5,521,009   165  60s+

TOP HOOK WORDS BY AVG VIEWS (min 3 hooks)
    #     TOTAL VIEWS             AVG          MEDIAN     N  word
    1     298,744,437      99,581,479      10,767,410     3  damn
    2     270,732,009      90,244,003      11,781,916     3  run
    3     267,937,710      89,312,570      11,025,396     3  pass
    4     332,845,855      83,211,463      32,159,913     4  minha
    5     320,569,019      80,142,254       9,359,791     4  believe
    6     281,757,907      70,439,476       3,570,648     4  phone
    7     336,919,193      67,383,838       9,806,652     5  world
    8   1,429,371,491      62,146,586      10,767,410    23  god
    9     307,725,020      61,545,004       6,442,158     5  told
   10     182,445,363      60,815,121      16,388,048     3  dance
   11     230,672,064      57,668,016       7,232,769     4  round
   12     332,052,564      55,342,094      10,894,889     6  many
   13     157,934,300      52,644,766      35,842,447     3  sans
   14     157,934,300      52,644,766      35,842,447     3  devoir
   15     157,934,300      52,644,766      35,842,447     3  lui
   16     157,934,300      52,644,766      35,842,447     3  parler
   17     284,416,753      47,402,792       3,975,833     6  esse
   18     186,389,362      46,597,340      29,409,145     4  speak
   19     129,950,622      43,316,874       2,379,551     3  english
   20     472,446,393      42,949,672      29,954,140    11  dis
   21     472,446,393      42,949,672      29,954,140    11  moi
   22     170,166,347      42,541,586       9,489,490     4  war
   23     380,656,703      42,295,189       5,419,785     9  huh
   24     369,621,441      41,069,049      13,550,193     9  amor
   25     324,411,677      40,551,459       6,898,252     8  nothing
   26     484,097,686      40,341,473      20,802,716    12  vrai
   27     484,097,686      40,341,473      20,802,716    12  papa
   28     159,837,604      39,959,401       4,163,520     4  during
   29     353,107,351      39,234,150       8,694,468     9  check
   30     348,919,098      38,768,788       3,136,334     9  ela
